0 2 1.2665536
0 37 2.73367
0 13 0.8958526
0 25 35.230633
0 29 24.811577
1 3 1.0927461
1 12 23.190386
2 30 18.511578
2 0 1.2665536
2 8 1.2233047
2 18 2.0446866
2 13 0.71868455
2 33 1.657515
2 11 1.658445
2 29 1.2500213
2 20 2.3515472
2 37 0.7930527
2 27 1.5628688
2 16 2000.0
2 23 7.9877586
2 25 1.3105447
3 36 1.2337488
3 28 19.247047
3 24 211.76471
3 12 0.06574805
3 1 1.0927461
3 9 0.818062
4 31 0.07539199
4 9 0.0829918
4 17 0.17644423
4 19 0.07295375
5 30 0.63103926
5 8 0.82340074
5 18 0.54644156
5 13 41.938057
5 11 1.0744739
5 29 1.5876644
5 34 2.6014028
5 20 2.1271486
5 37 11.752552
5 7 10.957644
5 27 1.6875614
5 16 1.9446535
5 23 1.8581104
5 25 2000.0
6 31 0.17223683
6 17 2.1839018
7 34 400.0
7 30 0.8554357
7 20 70.62643
7 8 6.1563954
7 37 114.28571
7 16 1.3008373
7 23 1.5622499
7 11 200.0
7 25 7.673146
7 5 10.957644
8 0 2000.0
8 30 0.40224525
8 18 1.2381706
8 13 1.4465666
8 11 0.9226709
8 29 0.8620278
8 5 0.82340074
8 34 23.524488
8 2 1.2233047
8 37 1.0497159
8 7 6.1563954
8 27 1.1286912
8 16 1.6133535
8 23 0.8454773
8 25 2000.0
9 36 0.5005051
9 28 1.3668021
9 10 22.668661
9 22 0.054971594
9 31 0.029921187
9 3 0.818062
9 4 0.0829918
9 17 0.06606915
9 19 0.065856546
10 26 0.033140946
10 28 0.34140152
10 24 0.09200672
10 31 14.260197
10 12 1826.8182
10 9 22.668661
10 17 0.03125
11 0 2000.0
11 30 0.59695315
11 8 0.9226709
11 18 7.0334134
11 13 0.8179743
11 33 1.4767867
11 29 0.72469544
11 5 1.0744739
11 34 2.402319
11 20 1.2586167
11 2 1.658445
11 37 1.2197859
11 7 200.0
11 27 0.6163577
11 16 1.1076777
11 25 0.85287225
12 26 0.710827
12 32 4.323052
12 24 0.07633428
12 21 0.1528132
12 3 0.06574805
12 1 23.190386
13 30 104.682205
13 0 0.8958526
13 8 1.4465666
13 18 130.13849
13 33 1.0642684
13 11 0.8179743
13 29 1.4873215
13 5 41.938057
13 34 266.6667
13 20 1.0673469
13 2 0.71868455
13 14 16.169632
13 37 1.432834
13 7 2000.0
13 27 0.54110116
13 16 16.045538
13 25 0.43556824
14 30 9.0637045
14 20 4.393587
14 13 16.169632
14 27 10.995908
14 33 0.40920764
14 11 2000.0
14 25 3.087348
15 32 0.07398187
15 21 14.143008
16 0 2000.0
16 30 1.0798374
16 8 1.6133535
16 18 1.4092067
16 13 16.045538
16 11 1.1076777
16 5 1.9446535
16 34 40.22376
16 20 41.960728
16 7 1.3008373
16 27 1.6223419
16 23 2.5871513
16 25 1.9638712
17 6 2.1839018
17 26 1.4268296
17 10 0.03125
17 24 0.1819352
17 31 0.9879183
17 9 0.06606915
17 4 0.17644423
17 19 76.03457
18 0 2000.0
18 30 0.67910075
18 8 1.2381706
18 13 130.13849
18 11 7.0334134
18 29 1.2489167
18 5 0.54644156
18 2 2.0446866
18 37 2.1305358
18 7 2000.0
18 27 24.230383
18 16 1.4092067
18 23 1.3790388
19 31 0.07953031
19 9 0.065856546
19 4 0.07295375
19 17 76.03457
20 30 2.1706965
20 13 1.0673469
20 33 1.9876715
20 11 1.2586167
20 29 12.110617
20 5 2.1271486
20 34 1.0707128
20 2 2.3515472
20 14 4.393587
20 37 4.783676
20 7 70.62643
20 27 1.3664774
20 16 41.960728
20 25 0.82670444
21 32 2000.0
21 24 1.6087525
21 35 0.032565508
21 31 2000.0
21 12 0.1528132
21 15 14.143008
22 31 67.5062
22 9 0.054971594
22 19 2000.0
23 0 2000.0
23 30 1.305644
23 8 0.8454773
23 2 7.9877586
23 37 1.6143436
23 18 1.3790388
23 7 1.5622499
23 16 2.5871513
23 11 2000.0
23 29 1.7398869
23 5 1.8581104
24 26 0.050317127
24 32 0.27379262
24 10 0.09200672
24 21 1.6087525
24 3 211.76471
24 12 0.07633428
24 15 2000.0
24 17 0.1819352
25 0 35.230633
25 30 22.72078
25 13 0.43556824
25 33 1.0998942
25 11 0.85287225
25 29 1.589445
25 34 2.087195
25 20 0.82670444
25 2 1.3105447
25 14 3.087348
25 37 80.89806
25 7 7.673146
25 27 0.36592552
25 16 1.9638712
26 32 68.025475
26 28 0.06267144
26 10 0.033140946
26 24 0.050317127
26 31 0.11475395
26 12 0.710827
26 17 1.4268296
27 30 0.22858615
27 0 2000.0
27 8 1.1286912
27 18 24.230383
27 13 0.54110116
27 33 0.8776306
27 11 0.6163577
27 29 0.8279458
27 5 1.6875614
27 34 1.1227591
27 20 1.3664774
27 2 1.5628688
27 14 10.995908
27 37 0.92189014
27 7 3979.1477
27 16 1.6223419
27 25 0.36592552
28 36 0.034732405
28 26 0.06267144
28 10 0.34140152
28 3 19.247047
28 12 1190.0568
28 9 1.3668021
28 19 1375.625
29 0 24.811577
29 30 3.074024
29 8 0.8620278
29 18 1.2489167
29 13 1.4873215
29 33 29.996065
29 11 0.72469544
29 5 1.5876644
29 34 3.441269
29 20 12.110617
29 2 1.2500213
29 37 0.79975814
29 7 2000.0
29 27 0.8279458
29 16 2000.0
29 23 1.7398869
29 25 1.589445
30 8 0.40224525
30 18 0.67910075
30 13 104.682205
30 33 6.9131236
30 11 0.59695315
30 29 3.074024
30 5 0.63103926
30 34 1.0444268
30 20 2.1706965
30 2 18.511578
30 14 9.0637045
30 37 23.637201
30 7 0.8554357
30 27 0.22858615
30 16 1.0798374
30 23 1.305644
30 25 22.72078
31 26 0.11475395
31 6 0.17223683
31 10 14.260197
31 35 145.5729
31 22 67.5062
31 9 0.029921187
31 4 0.07539199
31 17 0.9879183
31 19 0.07953031
32 26 68.025475
32 24 0.27379262
32 12 4.323052
32 15 0.07398187
33 30 6.9131236
33 8 2000.0
33 13 1.0642684
33 11 1.4767867
33 29 29.996065
33 5 2000.0
33 34 2000.0
33 20 1.9876715
33 2 1.657515
33 14 0.40920764
33 7 2000.0
33 27 0.8776306
33 16 3017.898
33 25 1.0998942
34 30 1.0444268
34 20 1.0707128
34 8 23.524488
34 37 2000.0
34 13 266.6667
34 7 400.0
34 27 1.1227591
34 16 40.22376
34 11 2.402319
34 29 3.441269
34 25 2.087195
34 5 2.6014028
35 21 0.032565508
35 31 145.5729
36 28 0.034732405
36 3 1.2337488
36 9 0.5005051
37 30 23.637201
37 0 2.73367
37 8 1.0497159
37 18 2.1305358
37 13 1.432834
37 11 1.2197859
37 29 0.79975814
37 5 11.752552
37 20 4.783676
37 2 0.7930527
37 7 114.28571
37 27 0.92189014
37 16 2000.0
37 23 1.6143436
37 25 80.89806
