0 2 0.87659997
0 37 1.4233588
0 13 1.0598427
0 29 16.990826
0 25 4.71521
1 3 0.4723063
1 12 24.855999
2 30 50.71814
2 0 0.87659997
2 8 0.9866582
2 18 1.5702562
2 13 0.69189644
2 33 1.7436367
2 11 2.1519146
2 29 0.7518309
2 20 3.7671323
2 37 0.8103662
2 27 1.1511579
2 16 2000.0
2 23 7.5741887
2 25 0.7261884
3 36 0.19820818
3 28 26.767435
3 24 2000.0
3 12 0.058293466
3 1 0.4723063
3 9 0.257762
4 31 0.08215507
4 9 0.085506715
4 17 0.14178036
4 19 0.069777295
5 30 0.5938675
5 8 0.4886769
5 18 0.43412778
5 13 11.021023
5 11 1.4590715
5 29 2.7057145
5 34 1.7148486
5 20 2.546308
5 37 15.18451
5 7 22.843906
5 27 1.2798967
5 16 1.3414774
5 23 4.1681066
6 31 0.2424676
6 17 4.3821025
7 30 0.7504162
7 20 272.14355
7 8 3.1827176
7 16 1.0562276
7 11 40.968754
7 23 1.0988338
7 25 1.8706944
7 29 2000.0
7 5 22.843906
8 0 2000.0
8 30 0.4248446
8 18 1.202269
8 13 1.1745536
8 11 1.0309564
8 29 0.40082356
8 5 0.4886769
8 34 1453.5227
8 2 0.9866582
8 37 1.178101
8 7 3.1827176
8 27 1.3587071
8 16 1.5639956
8 23 0.8829637
8 25 2000.0
9 36 0.4957597
9 26 2000.0
9 28 1.3158962
9 10 29.99107
9 22 0.0406705
9 31 0.032336615
9 3 0.257762
9 12 2000.0
9 4 0.085506715
9 17 0.034821045
9 19 0.066712536
10 26 0.032441344
10 28 0.291683
10 24 0.105726235
10 31 2.224175
10 12 1145.7954
10 9 29.99107
10 17 0.030334592
11 0 2000.0
11 30 0.9813392
11 8 1.0309564
11 18 5.249171
11 13 1.5229046
11 33 3.059593
11 29 0.67869234
11 5 1.4590715
11 34 2.149641
11 20 0.7947843
11 2 2.1519146
11 37 2.0286925
11 7 40.968754
11 27 0.76913494
11 16 1.5981911
11 25 1.0610341
12 26 0.5754947
12 32 8.188995
12 24 0.07075308
12 21 0.40174147
12 3 0.058293466
12 1 24.855999
13 30 36.14333
13 0 1.0598427
13 8 1.1745536
13 18 160.0
13 33 1.0385822
13 11 1.5229046
13 29 1.4302706
13 5 11.021023
13 34 91.06742
13 20 1.3137403
13 2 0.69189644
13 14 3.3648791
13 37 1.2826294
13 7 2000.0
13 27 0.31884965
13 16 25.036036
13 25 0.25783494
14 30 12.879121
14 20 1.2374655
14 13 3.3648791
14 27 2.1847754
14 33 0.6698992
14 11 2000.0
14 25 2.6750233
15 32 0.06892998
15 24 65.333336
15 21 5.822506
16 0 2000.0
16 30 1.0490856
16 8 1.5639956
16 18 1.2273873
16 13 25.036036
16 11 1.5981911
16 5 1.3414774
16 34 48.60593
16 20 32.9744
16 7 1.0562276
16 27 1.5486227
16 23 2.9790363
16 25 1.0081972
17 6 4.3821025
17 26 2.0793376
17 10 0.030334592
17 24 0.09668631
17 31 1.4386042
17 9 0.034821045
17 4 0.14178036
17 19 1393.1818
18 0 2000.0
18 30 0.64641315
18 8 1.202269
18 13 160.0
18 11 5.249171
18 29 1.1550486
18 5 0.43412778
18 2 1.5702562
18 37 1.8153064
18 7 2000.0
18 27 9.398477
18 16 1.2273873
18 23 1.2948252
19 31 0.10032642
19 9 0.066712536
19 17 1393.1818
19 4 0.069777295
20 30 2.4471257
20 13 1.3137403
20 33 1.7952253
20 11 0.7947843
20 29 10.79527
20 5 2.546308
20 34 0.9043691
20 2 3.7671323
20 14 1.2374655
20 37 4.1250787
20 7 272.14355
20 27 1.2464902
20 16 32.9744
20 25 0.6469761
21 26 2000.0
21 32 450.00003
21 24 0.67012024
21 35 0.032581966
21 31 2000.0
21 12 0.40174147
21 15 5.822506
22 31 10.007103
22 9 0.0406705
22 19 2000.0
23 0 2000.0
23 30 1.9928933
23 8 0.8829637
23 2 7.5741887
23 37 1.9103477
23 18 1.2948252
23 7 1.0988338
23 16 2.9790363
23 11 2000.0
23 29 1.4506886
23 5 4.1681066
24 26 0.053207844
24 32 0.22614153
24 10 0.105726235
24 21 0.67012024
24 12 0.07075308
24 15 65.333336
24 17 0.09668631
25 30 22.20898
25 0 4.71521
25 13 0.25783494
25 33 0.76801217
25 11 1.0610341
25 29 1.9699187
25 34 2.300051
25 20 0.6469761
25 2 0.7261884
25 14 2.6750233
25 37 55.66199
25 7 1.8706944
25 27 0.2479221
25 16 1.0081972
26 32 22.927273
26 28 0.047930885
26 10 0.032441344
26 24 0.053207844
26 31 0.23642045
26 12 0.5754947
26 17 2.0793376
27 30 0.232829
27 0 2000.0
27 8 1.3587071
27 18 9.398477
27 13 0.31884965
27 33 0.95536196
27 11 0.76913494
27 29 0.7997392
27 5 1.2798967
27 34 1.1616658
27 20 1.2464902
27 2 1.1511579
27 14 2.1847754
27 37 0.8198327
27 7 2781.4773
27 16 1.5486227
27 25 0.2479221
28 36 0.029921582
28 26 0.047930885
28 10 0.291683
28 12 1594.9431
28 3 26.767435
28 9 1.3158962
28 19 1364.5454
29 0 16.990826
29 30 3.4112885
29 8 0.40082356
29 18 1.1550486
29 13 1.4302706
29 33 5.244251
29 11 0.67869234
29 5 2.7057145
29 34 4.333613
29 20 10.79527
29 2 0.7518309
29 37 0.6311926
29 7 2000.0
29 27 0.7997392
29 16 2000.0
29 23 1.4506886
29 25 1.9699187
30 8 0.4248446
30 18 0.64641315
30 13 36.14333
30 33 7.575632
30 11 0.9813392
30 29 3.4112885
30 5 0.5938675
30 34 0.93460596
30 20 2.4471257
30 2 50.71814
30 14 12.879121
30 37 57.25488
30 7 0.7504162
30 27 0.232829
30 16 1.0490856
30 23 1.9928933
30 25 22.20898
31 26 0.23642045
31 6 0.2424676
31 10 2.224175
31 22 10.007103
31 9 0.032336615
31 4 0.08215507
31 17 1.4386042
31 19 0.10032642
32 26 22.927273
32 24 0.22614153
32 21 450.00003
32 12 8.188995
32 15 0.06892998
33 30 7.575632
33 13 1.0385822
33 11 3.059593
33 29 5.244251
33 5 2000.0
33 34 2000.0
33 20 1.7952253
33 2 1.7436367
33 14 0.6698992
33 7 2000.0
33 27 0.95536196
33 16 1971.0227
33 25 0.76801217
34 30 0.93460596
34 20 0.9043691
34 37 2000.0
34 13 91.06742
34 7 2401.6477
34 27 1.1616658
34 16 48.60593
34 11 2.149641
34 29 4.333613
34 25 2.300051
34 5 1.7148486
35 21 0.032581966
35 31 1090.3977
36 28 0.029921582
36 3 0.19820818
36 9 0.4957597
37 30 57.25488
37 0 1.4233588
37 8 1.178101
37 18 1.8153064
37 13 1.2826294
37 11 2.0286925
37 29 0.6311926
37 5 15.18451
37 20 4.1250787
37 2 0.8103662
37 7 3576.7046
37 27 0.8198327
37 16 2000.0
37 23 1.9103477
37 25 55.66199
