0 8 10.987176
0 2 1.2006923
0 37 0.7907873
0 13 0.5303927
0 11 44.331886
0 29 7.4864607
0 25 2000.0
1 3 0.2734857
1 12 1202.159
2 30 29.77578
2 0 1.2006923
2 8 1.7769904
2 18 7.0154643
2 13 0.25373024
2 33 2.5735369
2 11 0.6338811
2 29 0.77800864
2 20 1.2942151
2 37 0.71714306
2 27 0.3900994
2 23 23.497087
2 25 2.9317486
3 36 0.18789276
3 28 0.07893668
3 24 2000.0
3 12 0.060121752
3 1 0.2734857
3 9 0.25349024
4 31 0.08898818
4 9 0.051402126
4 17 0.09298287
4 19 0.082070045
5 30 0.70697653
5 8 0.5559433
5 18 0.3584001
5 13 2000.0
5 11 1.9147911
5 29 3.7666802
5 34 1.2907883
5 20 1.9918231
5 37 2000.0
5 7 5.054233
5 27 1.5523405
5 16 1.3966025
5 23 4.3160825
6 22 114.39489
6 31 1.6051244
6 17 0.7450188
7 34 9.532765
7 30 0.79072434
7 20 1.5770751
7 8 44.510643
7 37 31.136276
7 27 68.44515
7 16 1.1810654
7 11 4.556359
7 23 1.2048825
7 25 3.7843652
7 5 5.054233
8 0 10.987176
8 30 0.6434005
8 18 0.97172827
8 13 1.9084111
8 11 0.63300997
8 29 0.89031523
8 5 0.5559433
8 34 1.5078124
8 2 1.7769904
8 37 0.64162195
8 7 44.510643
8 27 0.89720243
8 16 1.3180208
8 23 0.80724686
9 36 1.5062314
9 26 2000.0
9 28 3.0010824
9 10 4.841007
9 22 0.35428384
9 31 0.029578472
9 3 0.25349024
9 17 0.04420834
9 4 0.051402126
9 19 0.06726239
10 26 0.035720937
10 28 0.14253859
10 24 0.06083986
10 31 0.048629403
10 12 15.581489
10 9 4.841007
10 17 0.032731
11 0 44.331886
11 30 0.32027683
11 8 0.63300997
11 18 3.869262
11 13 0.3490609
11 33 1.8814955
11 29 0.89510334
11 5 1.9147911
11 34 1.7211925
11 20 0.80338764
11 2 0.6338811
11 37 1.1866802
11 7 4.556359
11 27 0.38847142
11 16 0.89832526
11 25 0.9524064
12 26 0.64542145
12 28 8.35
12 32 0.16172063
12 10 15.581489
12 24 0.07483766
12 21 0.09441615
12 3 0.060121752
13 30 2.6204262
13 0 0.5303927
13 8 1.9084111
13 18 266.6667
13 33 0.90880597
13 11 0.3490609
13 29 0.7840795
13 34 10.197
13 20 0.62766665
13 2 0.25373024
13 14 3.5633585
13 37 2.9158685
13 27 0.2071204
13 16 77.1856
13 25 0.40355048
14 20 1.4309431
14 13 3.5633585
14 33 0.4771692
14 27 3.1301458
14 11 2000.0
14 25 1.6721989
15 32 0.07090165
15 21 1.234643
16 0 2000.0
16 30 1.1211637
16 8 1.3180208
16 18 1.0372242
16 13 77.1856
16 11 0.89832526
16 29 19.153206
16 5 1.3966025
16 20 9.174439
16 37 28.059124
16 7 1.1810654
16 27 1.3327205
16 23 21.129602
16 25 1.2826908
17 26 2.0660248
17 6 0.7450188
17 10 0.032731
17 24 0.27993968
17 31 1.1784649
17 9 0.04420834
17 4 0.09298287
17 19 2.578723
18 0 2000.0
18 30 0.7014958
18 8 0.97172827
18 13 266.6667
18 11 3.869262
18 29 1.090867
18 5 0.3584001
18 2 7.0154643
18 37 1.1598799
18 7 2000.0
18 27 3.016697
18 16 1.0372242
18 23 1.2813271
19 31 0.08354166
19 9 0.06726239
19 17 2.578723
19 4 0.082070045
20 30 6.243458
20 13 0.62766665
20 33 2.0044098
20 11 0.80338764
20 29 3.3217852
20 5 1.9918231
20 34 0.842519
20 2 1.2942151
20 14 1.4309431
20 37 1.8277204
20 7 1.5770751
20 27 0.41895205
20 16 9.174439
20 25 0.41840222
21 24 0.78888303
21 35 0.03634405
21 12 0.09441615
21 15 1.234643
22 6 114.39489
22 31 1168.0114
22 9 0.35428384
22 19 1329.4886
23 0 2000.0
23 30 1.0139909
23 2 23.497087
23 8 0.80724686
23 37 2.5641854
23 18 1.2813271
23 7 1.2048825
23 16 21.129602
23 11 2000.0
23 29 8.75305
23 5 4.3160825
24 26 0.062494524
24 32 0.08661497
24 10 0.06083986
24 21 0.78888303
24 31 12.556819
24 12 0.07483766
24 3 2000.0
24 15 2000.0
24 17 0.27993968
25 0 2000.0
25 30 1.2215034
25 13 0.40355048
25 33 0.35958582
25 11 0.9524064
25 29 2.189361
25 34 1.6045119
25 20 0.41840222
25 2 2.9317486
25 14 1.6721989
25 37 30.167833
25 7 3.7843652
25 27 0.77234507
25 16 1.2826908
26 36 62.175365
26 32 22.80377
26 28 0.03343677
26 10 0.035720937
26 24 0.062494524
26 31 0.07906394
26 12 0.64542145
26 17 2.0660248
27 0 2000.0
27 30 0.21481206
27 8 0.89720243
27 18 3.016697
27 13 0.2071204
27 33 1.2521638
27 11 0.38847142
27 29 0.4978683
27 5 1.5523405
27 34 0.85598224
27 20 0.41895205
27 2 0.3900994
27 14 3.1301458
27 37 0.8148326
27 7 68.44515
27 16 1.3327205
27 25 0.77234507
28 36 0.03034813
28 26 0.03343677
28 10 0.14253859
28 3 0.07893668
28 12 8.35
28 9 3.0010824
29 0 7.4864607
29 30 3.3712122
29 8 0.89031523
29 18 1.090867
29 13 0.7840795
29 11 0.89510334
29 5 3.7666802
29 34 2.3209665
29 20 3.3217852
29 2 0.77800864
29 37 0.7137247
29 7 2000.0
29 27 0.4978683
29 16 19.153206
29 23 8.75305
29 25 2.189361
30 0 2000.0
30 8 0.6434005
30 18 0.7014958
30 13 2.6204262
30 33 1.7120563
30 11 0.32027683
30 29 3.3712122
30 5 0.70697653
30 34 2.116399
30 20 6.243458
30 2 29.77578
30 37 7.8210664
30 7 0.79072434
30 27 0.21481206
30 16 1.1211637
30 23 1.0139909
30 25 1.2215034
31 26 0.07906394
31 6 1.6051244
31 10 0.048629403
31 24 12.556819
31 9 0.029578472
31 17 1.1784649
31 4 0.08898818
31 19 0.08354166
32 26 22.80377
32 24 0.08661497
32 12 0.16172063
32 15 0.07090165
33 34 2000.0
33 30 1.7120563
33 20 2.0044098
33 2 2.5735369
33 14 0.4771692
33 7 2000.0
33 13 0.90880597
33 27 1.2521638
33 16 2000.0
33 11 1.8814955
33 29 2000.0
33 25 0.35958582
34 30 2.116399
34 20 0.842519
34 8 1.5078124
34 13 10.197
34 7 9.532765
34 27 0.85598224
34 16 1215.0568
34 11 1.7211925
34 25 1.6045119
34 29 2.3209665
34 5 1.2907883
35 21 0.03634405
36 26 62.175365
36 28 0.03034813
36 3 0.18789276
36 9 1.5062314
37 30 7.8210664
37 0 0.7907873
37 8 0.64162195
37 18 1.1598799
37 13 2.9158685
37 11 1.1866802
37 29 0.7137247
37 20 1.8277204
37 2 0.71714306
37 7 31.136276
37 27 0.8148326
37 16 28.059124
37 23 2.5641854
37 25 30.167833
