0 2 2.677242
0 37 1.7592006
0 13 1.3792759
0 29 19.580914
0 25 63.28794
1 3 1.0511503
1 12 17.545172
2 30 16.930553
2 0 2.677242
2 8 1.1087267
2 18 1.8485545
2 13 0.4738607
2 33 1.7373348
2 11 2.452317
2 29 1.1952353
2 20 5.7951345
2 37 0.84903055
2 27 0.6973984
2 16 2000.0
2 23 18.08045
2 25 0.44144258
3 36 0.33138976
3 28 9.437464
3 24 1247.2727
3 12 0.049252443
3 1 1.0511503
3 9 0.5324299
4 31 0.06971303
4 9 0.088104844
4 17 0.17517197
4 19 0.08709948
5 30 0.56735855
5 8 0.63509685
5 18 0.9601122
5 13 22.762112
5 11 1.612821
5 29 3.1212282
5 34 2.377142
5 20 2.427482
5 37 6.660199
5 7 13.3150215
5 27 1.5963521
5 16 1.5775613
5 23 1.64167
5 25 2000.0
6 31 0.18199244
6 17 2.3787105
7 30 0.9686055
7 20 2000.0
7 8 10.038737
7 37 51.67698
7 16 1.5058036
7 23 1.5886112
7 11 484.18536
7 25 6.422189
7 5 13.3150215
8 0 2000.0
8 30 0.40140423
8 18 1.6365907
8 13 1.3891696
8 11 0.8804537
8 29 3.508305
8 5 0.63509685
8 34 56.56534
8 2 1.1087267
8 37 1.3944713
8 7 10.038737
8 27 3.151678
8 16 1.3472481
8 23 1.0285754
8 25 2000.0
9 36 0.6170095
9 26 2000.0
9 28 2.164299
9 10 161.2578
9 22 0.061016567
9 31 0.029510032
9 12 2000.0
9 3 0.5324299
9 4 0.088104844
9 17 0.040157624
9 19 0.08193435
10 26 0.03716468
10 28 0.22012986
10 24 0.081608266
10 31 16.165403
10 12 120.6848
10 9 161.2578
10 17 0.030194452
11 0 2000.0
11 30 0.6505482
11 8 0.8804537
11 18 11.557507
11 13 0.8612603
11 33 1.8280921
11 29 1.1856884
11 5 1.612821
11 34 2.1539125
11 20 1.9646873
11 2 2.452317
11 37 1.6060365
11 7 484.18536
11 27 0.74524033
11 16 1.2149119
11 25 0.86037946
12 26 0.73638016
12 32 8.292495
12 10 120.6848
12 24 0.07771051
12 21 0.10236728
12 3 0.049252443
12 1 17.545172
13 30 92.29587
13 0 1.3792759
13 8 1.3891696
13 18 1761.4489
13 33 0.8071444
13 11 0.8612603
13 29 1.2458626
13 5 22.762112
13 34 313.5273
13 20 1.9280064
13 2 0.4738607
13 14 5.248623
13 37 1.1949168
13 7 2000.0
13 27 0.5836364
13 16 36.86145
13 25 0.24741721
14 30 10.060066
14 20 3.4794393
14 13 5.248623
14 27 3.803775
14 33 0.4194803
14 11 2000.0
14 25 1.5706708
15 32 0.07770608
15 21 11.115206
16 0 2000.0
16 30 1.0590717
16 8 1.3472481
16 18 1.1877853
16 13 36.86145
16 11 1.2149119
16 5 1.5775613
16 34 89.871666
16 20 24.86835
16 7 1.5058036
16 27 1.2914307
16 23 2.2317274
16 25 0.9214082
17 6 2.3787105
17 26 1.7414197
17 10 0.030194452
17 24 0.16884921
17 31 1.0156412
17 9 0.040157624
17 4 0.17517197
17 19 1258.3523
18 0 2000.0
18 30 0.8187034
18 8 1.6365907
18 13 1761.4489
18 11 11.557507
18 29 1.1569726
18 5 0.9601122
18 2 1.8485545
18 37 2.9729607
18 7 2000.0
18 27 43.738754
18 16 1.1877853
18 23 1.4821557
19 31 0.1263146
19 9 0.08193435
19 4 0.08709948
20 0 2000.0
20 30 2.4701226
20 13 1.9280064
20 33 1.1638048
20 11 1.9646873
20 29 12.013439
20 5 2.427482
20 34 1.4021931
20 2 5.7951345
20 14 3.4794393
20 37 4.169672
20 7 2000.0
20 27 1.7169766
20 16 24.86835
20 25 0.762638
21 26 2000.0
21 32 2000.0
21 24 1.6604784
21 35 0.08282054
21 12 0.10236728
21 15 11.115206
22 31 178.57144
22 9 0.061016567
22 19 2000.0
23 0 2000.0
23 30 1.205777
23 8 1.0285754
23 2 18.08045
23 37 2.395963
23 18 1.4821557
23 7 1.5886112
23 16 2.2317274
23 11 2000.0
23 29 3.660712
23 5 1.64167
24 26 0.05356744
24 32 0.39175332
24 10 0.081608266
24 21 1.6604784
24 12 0.07771051
24 15 2000.0
24 17 0.16884921
25 0 63.28794
25 30 14.545718
25 13 0.24741721
25 33 0.61264855
25 11 0.86037946
25 29 2.5453935
25 34 6.311702
25 20 0.762638
25 2 0.44144258
25 14 1.5706708
25 37 111.01155
25 7 6.422189
25 27 0.28242043
25 16 0.9214082
26 32 77.24879
26 28 0.06454217
26 10 0.03716468
26 24 0.05356744
26 31 0.11013056
26 12 0.73638016
26 17 1.7414197
27 30 0.45803422
27 0 2000.0
27 8 3.151678
27 18 43.738754
27 13 0.5836364
27 33 0.72522265
27 11 0.74524033
27 29 0.8638491
27 5 1.5963521
27 34 0.99053425
27 20 1.7169766
27 2 0.6973984
27 14 3.803775
27 37 1.2046672
27 7 2000.0
27 16 1.2914307
27 25 0.28242043
28 36 0.035071217
28 26 0.06454217
28 10 0.22012986
28 3 9.437464
28 12 1145.8523
28 9 2.164299
28 19 1477.0454
29 0 19.580914
29 30 3.9962187
29 8 3.508305
29 18 1.1569726
29 13 1.2458626
29 33 15.09604
29 11 1.1856884
29 5 3.1212282
29 34 2.4658918
29 20 12.013439
29 2 1.1952353
29 37 1.000536
29 7 2000.0
29 27 0.8638491
29 16 2000.0
29 23 3.660712
29 25 2.5453935
30 8 0.40140423
30 18 0.8187034
30 13 92.29587
30 33 7.534253
30 11 0.6505482
30 29 3.9962187
30 5 0.56735855
30 34 0.80098957
30 20 2.4701226
30 2 16.930553
30 14 10.060066
30 37 21.69098
30 7 0.9686055
30 27 0.45803422
30 16 1.0590717
30 23 1.205777
30 25 14.545718
31 26 0.11013056
31 6 0.18199244
31 10 16.165403
31 35 74.84719
31 22 178.57144
31 9 0.029510032
31 4 0.06971303
31 17 1.0156412
31 19 0.1263146
32 26 77.24879
32 24 0.39175332
32 21 2000.0
32 12 8.292495
32 15 0.07770608
33 30 7.534253
33 8 2000.0
33 13 0.8071444
33 11 1.8280921
33 29 15.09604
33 5 2000.0
33 34 2000.0
33 20 1.1638048
33 2 1.7373348
33 14 0.4194803
33 7 2000.0
33 27 0.72522265
33 16 3017.898
33 25 0.61264855
34 30 0.80098957
34 20 1.4021931
34 8 56.56534
34 37 2000.0
34 7 2000.0
34 13 313.5273
34 27 0.99053425
34 16 89.871666
34 11 2.1539125
34 29 2.4658918
34 25 6.311702
34 5 2.377142
35 21 0.08282054
35 31 74.84719
36 28 0.035071217
36 3 0.33138976
36 9 0.6170095
37 30 21.69098
37 0 1.7592006
37 8 1.3944713
37 18 2.9729607
37 13 1.1949168
37 11 1.6060365
37 29 1.000536
37 5 6.660199
37 20 4.169672
37 2 0.84903055
37 7 51.67698
37 27 1.2046672
37 16 2000.0
37 23 2.395963
37 25 111.01155
